4
linear   essential      -0.250000   0.750000
linear   non-essential   0.000000   1.000000
linear   essential       0.000000   1.000000
linear   essential       0.000000   1.000000

# 1
significant   elliptical     9
	  0.363716  0.364019  0.217448  0.128472
	  0.000400  0.000400  0.000400  0.000400

S 1
significant   elliptical     8
	  0.359863  0.245410  0.249023  0.115723
	  0.000400  0.000400  0.000400  0.000400

I 1
significant   elliptical    16
	  0.362305  0.180981  0.245117  0.075439
	  0.000400  0.000400  0.000400  0.000400

R 1
significant   elliptical    11
	  0.351563  0.330504  0.240767  0.136009
	  0.000400  0.000400  0.000400  0.000400

h 1
significant   elliptical    10
	  0.325000  0.294258  0.233203  0.110156
	  0.000400  0.000400  0.000400  0.000400

o 1
significant   elliptical     9
	  0.242622  0.204297  0.152344  0.117622
	  0.000400  0.000400  0.000400  0.000400

w 1
significant   elliptical     5
	  0.264063  0.320469  0.152344  0.175000
	  0.000400  0.000400  0.000400  0.000400

i 2
significant   elliptical     9
	  0.361111  0.176606  0.228299  0.066840
	  0.000400  0.000400  0.000400  0.000400
significant   elliptical     1
	  0.242188  0.223438  0.300781  0.074219
	  0.000400  0.000400  0.000400  0.000400

s 2
significant   elliptical     3
	  0.242188  0.180208  0.160156  0.101563
	  0.000400  0.000400  0.000400  0.000400
significant   elliptical     1
	  0.242188  0.180078  0.160156  0.101563
	  0.000400  0.000400  0.000400  0.000400

r 1
significant   elliptical     6
	  0.274089  0.146159  0.168620  0.093750
	  0.000400  0.000400  0.000400  0.000400

t 1
significant   elliptical    12
	  0.320313  0.163835  0.197266  0.076497
	  0.000400  0.000400  0.000400  0.000400

d 1
significant   elliptical     3
	  0.337240  0.282682  0.227865  0.131511
	  0.000400  0.000400  0.000400  0.000400

a 1
significant   elliptical     8
	  0.244629  0.225098  0.159668  0.121582
	  0.000400  0.000400  0.000400  0.000400

y 1
significant   elliptical     6
	  0.183594  0.245052  0.235026  0.113281
	  0.000400  0.000400  0.000400  0.000400

? 2
significant   elliptical     2
	  0.394531  0.239258  0.222656  0.109375
	  0.000400  0.000400  0.000400  0.000400
significant   elliptical     2
	  0.398438  0.238867  0.222656  0.109375
	  0.000400  0.000400  0.000400  0.000400

9 2
significant   elliptical     2
	  0.390625  0.262695  0.216797  0.117188
	  0.000400  0.000400  0.000400  0.000400
significant   elliptical     2
	  0.400391  0.271875  0.224609  0.123047
	  0.000400  0.000400  0.000400  0.000400

5 2
significant   elliptical    11
	  0.370384  0.261044  0.247869  0.125000
	  0.000400  0.000400  0.000400  0.000400
significant   elliptical     1
	  0.250000  0.185156  0.164063  0.101563
	  0.000400  0.000400  0.000400  0.000400

M 1
significant   elliptical     9
	  0.338108  0.499436  0.230035  0.196615
	  0.000400  0.000400  0.000400  0.000400

O 1
significant   elliptical    11
	  0.359375  0.319425  0.220881  0.159446
	  0.000400  0.000400  0.000400  0.000400

N 1
significant   elliptical     9
	  0.351996  0.363108  0.229167  0.158420
	  0.000400  0.000400  0.000400  0.000400

K 1
significant   elliptical     5
	  0.357813  0.344297  0.242969  0.132031
	  0.000400  0.000400  0.000400  0.000400

E 1
significant   elliptical    21
	  0.366630  0.249423  0.248512  0.114025
	  0.000400  0.000400  0.000400  0.000400

Y 2
significant   elliptical     2
	  0.429688  0.241016  0.234375  0.121094
	  0.000400  0.000400  0.000400  0.000400
significant   elliptical     2
	  0.449219  0.251563  0.246094  0.125000
	  0.000400  0.000400  0.000400  0.000400

$ 2
significant   elliptical     2
	  0.349609  0.238477  0.242188  0.109375
	  0.000400  0.000400  0.000400  0.000400
significant   elliptical     1
	  0.429688  0.314844  0.277344  0.132813
	  0.000400  0.000400  0.000400  0.000400

n 1
significant   elliptical     7
	  0.229911  0.235212  0.163505  0.119978
	  0.000400  0.000400  0.000400  0.000400

T 1
significant   elliptical    14
	  0.421596  0.213449  0.243583  0.105469
	  0.000400  0.000400  0.000400  0.000400

e 1
significant   elliptical    11
	  0.237926  0.213920  0.148083  0.109020
	  0.000400  0.000400  0.000400  0.000400

P 1
significant   elliptical     7
	  0.413505  0.259263  0.226563  0.143415
	  0.000400  0.000400  0.000400  0.000400

A 1
significant   elliptical    15
	  0.312760  0.295208  0.228646  0.136719
	  0.000400  0.000400  0.000400  0.000400

0 1
significant   elliptical     6
	  0.366537  0.305013  0.216797  0.140625
	  0.000400  0.000400  0.000400  0.000400

B 1
significant   elliptical     3
	  0.356771  0.292318  0.225260  0.127604
	  0.000400  0.000400  0.000400  0.000400

! 2
significant   elliptical     1
	  0.355469  0.190234  0.238281  0.074219
	  0.000400  0.000400  0.000400  0.000400
significant   elliptical     3
	  0.342448  0.183724  0.227865  0.070313
	  0.000400  0.000400  0.000400  0.000400

. 1
significant   elliptical     5
	  0.079688  0.057813  0.058594  0.058594
	  0.000400  0.000400  0.000400  0.000400

D 1
significant   elliptical     6
	  0.355469  0.316472  0.224609  0.144532
	  0.000400  0.000400  0.000400  0.000400

k 1
significant   elliptical     5
	  0.332031  0.293984  0.235156  0.108594
	  0.000400  0.000400  0.000400  0.000400

W 2
significant   elliptical     3
	  0.386719  0.494011  0.214844  0.203125
	  0.000400  0.000400  0.000400  0.000400
significant   elliptical     1
	  0.394531  0.501172  0.218750  0.207031
	  0.000400  0.000400  0.000400  0.000400

H 1
significant   elliptical     7
	  0.361608  0.341406  0.243862  0.163505
	  0.000400  0.000400  0.000400  0.000400

C 1
significant   elliptical     3
	  0.371094  0.225260  0.246094  0.130209
	  0.000400  0.000400  0.000400  0.000400

F 1
significant   elliptical     2
	  0.396484  0.222461  0.234375  0.115234
	  0.000400  0.000400  0.000400  0.000400

G 1
significant   elliptical     3
	  0.361980  0.338021  0.221354  0.149740
	  0.000400  0.000400  0.000400  0.000400

J 1
significant   elliptical     2
	  0.332031  0.193945  0.242188  0.105469
	  0.000400  0.000400  0.000400  0.000400

L 1
significant   elliptical     2
	  0.320313  0.199610  0.244141  0.087891
	  0.000400  0.000400  0.000400  0.000400

U 1
significant   elliptical     2
	  0.375001  0.331250  0.234375  0.152344
	  0.000400  0.000400  0.000400  0.000400

V 1
significant   elliptical     2
	  0.431641  0.283399  0.218750  0.144532
	  0.000400  0.000400  0.000400  0.000400

X 1
significant   elliptical     3
	  0.361980  0.311458  0.261719  0.143229
	  0.000400  0.000400  0.000400  0.000400

Z 1
significant   elliptical     1
	  0.351563  0.276563  0.257813  0.136719
	  0.000400  0.000400  0.000400  0.000400

f 1
significant   elliptical     2
	  0.400391  0.199219  0.246094  0.089844
	  0.000400  0.000400  0.000400  0.000400

m 1
significant   elliptical     5
	  0.230469  0.352422  0.164063  0.180469
	  0.000400  0.000400  0.000400  0.000400

2 2
significant   elliptical     3
	  0.364584  0.294792  0.248698  0.127604
	  0.000400  0.000400  0.000400  0.000400
significant   elliptical     1
	  0.378906  0.295312  0.250000  0.128906
	  0.000400  0.000400  0.000400  0.000400

3 2
significant   elliptical     3
	  0.365886  0.288281  0.234375  0.125000
	  0.000400  0.000400  0.000400  0.000400
significant   elliptical     1
	  0.359375  0.280469  0.230469  0.121094
	  0.000400  0.000400  0.000400  0.000400

4 1
significant   elliptical     3
	  0.361979  0.269010  0.210938  0.121094
	  0.000400  0.000400  0.000400  0.000400

6 1
significant   elliptical     2
	  0.332031  0.268555  0.220703  0.121094
	  0.000400  0.000400  0.000400  0.000400

7 1
significant   elliptical     2
	  0.414063  0.231054  0.248047  0.134766
	  0.000400  0.000400  0.000400  0.000400

8 1
significant   elliptical     2
	  0.357422  0.310351  0.224609  0.134766
	  0.000400  0.000400  0.000400  0.000400

l 1
significant   elliptical     8
	  0.355957  0.192188  0.249512  0.079102
	  0.000939  0.000400  0.000400  0.000400

c 1
significant   elliptical     1
	  0.246094  0.151172  0.167969  0.089844
	  0.000400  0.000400  0.000400  0.000400

g 1
significant   elliptical     1
	  0.132813  0.318359  0.222656  0.125000
	  0.000400  0.000400  0.000400  0.000400

p 1
significant   elliptical     1
	  0.167969  0.270703  0.218750  0.128906
	  0.000400  0.000400  0.000400  0.000400

q 1
significant   elliptical     1
	  0.171875  0.273828  0.214844  0.117188
	  0.000400  0.000400  0.000400  0.000400

u 1
significant   elliptical     1
	  0.261719  0.217969  0.152344  0.113281
	  0.000400  0.000400  0.000400  0.000400

v 1
significant   elliptical     1
	  0.285156  0.191016  0.152344  0.105469
	  0.000400  0.000400  0.000400  0.000400

x 1
significant   elliptical     1
	  0.238281  0.212891  0.179688  0.117188
	  0.000400  0.000400  0.000400  0.000400

z 1
significant   elliptical     1
	  0.238281  0.184375  0.175781  0.101563
	  0.000400  0.000400  0.000400  0.000400

b 1
significant   elliptical     2
	  0.339844  0.282031  0.228516  0.113281
	  0.000400  0.000400  0.000400  0.000400

; 1
significant   elliptical     1
	  0.167969  0.145313  0.214844  0.085938
	  0.000400  0.000400  0.000400  0.000400

& 1
significant   elliptical     1
	  0.312500  0.310937  0.218750  0.144531
	  0.000400  0.000400  0.000400  0.000400

” 1
significant   elliptical     2
	  0.589844  0.175781  0.101563  0.123047
	  0.000400  0.000400  0.000400  0.000400

£ 1
significant   elliptical     1
	  0.347656  0.313672  0.246094  0.140625
	  0.000400  0.000400  0.000400  0.000400

1 1
significant   elliptical     1
	  0.410156  0.186719  0.246094  0.078125
	  0.000400  0.000400  0.000400  0.000400

( 1
significant   elliptical     1
	  0.316406  0.200781  0.269531  0.082031
	  0.000400  0.000400  0.000400  0.000400

) 1
significant   elliptical     1
	  0.308594  0.201562  0.281250  0.082031
	  0.000400  0.000400  0.000400  0.000400

[ 1
significant   elliptical     1
	  0.308594  0.240625  0.300781  0.097656
	  0.000400  0.000400  0.000400  0.000400

] 1
significant   elliptical     1
	  0.296875  0.237109  0.300781  0.093750
	  0.000400  0.000400  0.000400  0.000400
